Dij（10）
6
0	97	75	45	45	97
97	0	119	107	107	185
75	119	0	43	43	174
45	107	43	0	0	146 
45	107	43	0	0	146 
97	185	174	146	146	0
