Dij6(8)
6
0	224	0	194	101	224
224	0	222 	73	118	0
0	222	0	194	101	224
194	73	194	0	97	75
101	118	101	97	0	119
224	0	224	75	119	0
