Dij6(2)
6
0  222  73  118  0  43
222  0  194  101  224  211
73  194  0  97  75  45
118  101  97  0  119  107
0  224  75  119  0  43
43  211  45  107  43  0