Dij6(7)
6
0	0 	224	0	194	101
0	0	224	0	194	101
224	224	0	222 	73	118
0	0	222	0	194	101
194	194	73	194	0	97
101	101	118	101	97	0
