Dij6(4)
6
0	177	124	127	127	99
177	0	296	53	53	271
124	296	0	246	246	53
127	53	246	0	0 	224
127	53	246	0	0	224
99	271	53	224	224	0
