Dij6(3)
6
0  146  38  225  209  82
146  0  131  328  282  200
38  131  0  213  170  98
225  328  213  0  79  146
209  282  170  79  0  133
82  200  98  146  133  0