Dij6(9)
6
0	194	101	224	211	211
194	0	97	75	45	45
101	97	0	119	107	107
224	75	119	0	43	43
211	45	107	43	0	0
211	45	107	43	0	0
