Dij8(2)
8
0	146 	38	225	209	82	209	76
146	0	131	328	282	200	282	204
38	131	0	213	170	98	170	89
225	328	213	0	79	146	79	153
209	282	170	79	0	133	0	141
82	200	98	146	133	0	132	10
209	282	170	79	0	132	0	141
76	204	89	153	141	10	141	0
